# Created by Octave 4.2.0, Sat Nov 26 21:19:03 2016 GMT <unknown@unknown>
# name: ans
# type: scalar
5


# name: dd
# type: matrix
# rows: 2
# columns: 1
 3.170212765957447
 0.7609818867800999


# name: ee
# type: matrix
# rows: 5
# columns: 1
 0
 0
 0
 0
 0


# name: ex1data2
# type: matrix
# rows: 47
# columns: 3
 2104 3 399900
 1600 3 329900
 2400 3 369000
 1416 2 232000
 3000 4 539900
 1985 4 299900
 1534 3 314900
 1427 3 198999
 1380 3 212000
 1494 3 242500
 1940 4 239999
 2000 3 347000
 1890 3 329999
 4478 5 699900
 1268 3 259900
 2300 4 449900
 1320 2 299900
 1236 3 199900
 2609 4 499998
 3031 4 599000
 1767 3 252900
 1888 2 255000
 1604 3 242900
 1962 4 259900
 3890 3 573900
 1100 3 249900
 1458 3 464500
 2526 3 469000
 2200 3 475000
 2637 3 299900
 1839 2 349900
 1000 1 169900
 2040 4 314900
 3137 3 579900
 1811 4 285900
 1437 3 249900
 1239 3 229900
 2132 4 345000
 4215 4 549000
 2162 4 287000
 1664 2 368500
 2238 3 329900
 2567 4 314000
 1200 3 299000
 852 2 179900
 1852 4 299900
 1203 3 239500


# name: tt
# type: matrix
# rows: 47
# columns: 3
 34 3 399900
 1600 3 329900
 2400 3 369000
 1416 2 232000
 3000 4 539900
 1985 4 299900
 1534 3 314900
 1427 3 198999
 1380 3 212000
 1494 3 242500
 1940 4 239999
 2000 3 347000
 1890 3 329999
 4478 5 699900
 1268 3 259900
 2300 4 449900
 1320 2 299900
 1236 3 199900
 2609 4 499998
 3031 4 599000
 1767 3 252900
 1888 2 255000
 1604 3 242900
 1962 4 259900
 3890 3 573900
 1100 3 249900
 1458 3 464500
 2526 3 469000
 2200 3 475000
 2637 3 299900
 1839 2 349900
 1000 1 169900
 2040 4 314900
 3137 3 579900
 1811 4 285900
 1437 3 249900
 1239 3 229900
 2132 4 345000
 4215 4 549000
 2162 4 287000
 1664 2 368500
 2238 3 329900
 2567 4 314000
 1200 3 299000
 852 2 179900
 1852 4 299900
 1203 3 239500


# name: uu
# type: matrix
# rows: 47
# columns: 1
 2104
 1600
 2400
 1416
 3000
 1985
 1534
 1427
 1380
 1494
 1940
 2000
 1890
 4478
 1268
 2300
 1320
 1236
 2609
 3031
 1767
 1888
 1604
 1962
 3890
 1100
 1458
 2526
 2200
 2637
 1839
 1000
 2040
 3137
 1811
 1437
 1239
 2132
 4215
 2162
 1664
 2238
 2567
 1200
 852
 1852
 1203


# name: vv
# type: matrix
# rows: 47
# columns: 1
 3
 3
 3
 2
 4
 4
 3
 3
 3
 3
 4
 3
 3
 5
 3
 4
 2
 3
 4
 4
 3
 2
 3
 4
 3
 3
 3
 3
 3
 3
 2
 1
 4
 3
 4
 3
 3
 4
 4
 4
 2
 3
 4
 3
 2
 4
 3


